wall1 370.033,1353.43,190.125   ---                447.76,1335.02,205.86
wall2 810.223,864.847,190.125 ---                  804.381,839.727,190.125
wall3 837.764,955.113,232.125  --- 837.237,945.577,232.125 
wall4 869.258,745.643,46.125 ---   869.451,755.975,46.125
wall5 472.94,224.071,182.125 ---  -40.9565,347.918,142.125
wall6 4.93913,365.023,185.125 --  50.4807,495.822,182.125
wall7 170.649,1162.89,230.125 --  65.0954,1240.72,230.125
wall8 -285.589,1178.8,230.125 --  -360.776,1104.37,230.125
wall9 -391.063,1007.79,230.125 -- -374.517,903.566,230.125
wall10 47.9594,573.061,319.125 --  34.0901,529.451,330.325
ramp1 102.424,872.762,334.125 -- -358.109,1049.17,311.742
ramp2 -358.109,1049.17,311.742 -- -233.891,1205.44,324.049
ramp3 -358.109,1049.17,311.742 --  -335.396,818.581,317.807
sentry 1 - -315,1102.27,330.334
sentry 2 - -339,933.074,321.568
sentryR 1 -  -272.782,1137.33,190.125
sentryR2 -  -341.096,938.622,190.125
floor1 - 54.6625,515.121,318.125 -- 292.125,278.618,318.125
teleporter1 - 654.135,3344.29,137.994 -- 742.38,981,190.125
teleporter2 - -984.357,2619.6,-123.875 -- 763.234,900.215,318.125




